"","membership","Z.SAT","Z.Top10","Z.Accept","Z.SFRatio","Z.Expenses","ZGradRate"
"1",1,0.401994204533042,0.644234905353557,-0.871887857944378,0.0688408970846874,-0.324716668157071,0.803729170410421
"2",2,1.37098849920635,1.21025598833192,-0.719814394349428,-1.6521815300325,2.50865116793338,-0.631501491036759
"3",3,-0.0594316500732969,-0.745089571047884,1.00368485972667,-0.91460048983942,-0.163744827110803,-1.6251227181925
"4",1,0.401994204533042,-0.0246991018026925,-0.770505548881078,-0.17701944964634,0.285756213950352,0.141315018973261
"5",1,0.125138691769239,0.335496132819903,-0.314285158096229,0.0688408970846874,-0.38294937551231,0.362119736118981
"6",2,0.678849717296845,0.644234905353557,-0.821196703412728,-0.668740143108393,0.330955886802275,0.914131528983281
"7",2,0.448136789993676,0.695691367442499,-0.466358621691179,-0.17701944964634,0.290955562821355,0.914131528983281
"8",1,-0.105574235533931,-0.127612025980577,-0.770505548881078,-0.17701944964634,-0.503435620016365,0.582924453264701
"9",2,1.23256074282445,0.747147829531441,-1.27741709419758,-0.422879796377366,0.841393296631591,1.134936246129
"10",2,0.355851619072408,-0.0761555638916347,0.243317541751919,-1.40632118330147,2.17006956945363,0.0309126604004009
"11",2,1.04799040098192,0.901517215798268,-0.466358621691179,-0.668740143108393,0.518687043371308,0.472522094691841
"12",1,-0.0594316500732969,0.438409056997788,-0.0101382309063301,-0.422879796377366,0.0460315686712842,0.251717377546121
"13",1,-0.105574235533931,0.232583208642019,0.141935232688619,0.0688408970846874,-0.850336176689717,0.803729170410421
"14",4,-1.71133620956399,-1.9800446611825,0.750229087068418,1.29814263073982,-1.19259198170497,-0.741903849609619
"15",2,1.00184781552128,0.747147829531441,-1.27741709419758,-1.16046083657045,0.196327413369092,0.914131528983281
"16",5,-2.41270350856562,-2.49460928207192,2.57511065020781,1.54400297747085,-1.27016626686035,-1.95632979391108
"17",2,0.86342005913938,0.695691367442499,-0.973270167007677,-0.17701944964634,0.628219992920448,0.693326811837561
"18",5,-1.76670731211675,-1.41402357820413,1.40921409597987,3.01916505785701,-1.29526179074439,-2.1771345110568
"19",1,-0.244001991915832,0.95297367788721,0.0405529236253197,1.0522822840088,-0.849088332960676,-0.962708566755339
"20",1,0.217423862690506,-0.0761555638916347,0.547464468941818,0.0688408970846874,0.762016570534271,0.0309126604004009
"21",4,-0.797713017443439,-0.590720184781057,1.45990525051152,0.806421937277768,-0.826211197928261,-0.189892056745319
"22",1,0.171281277229872,0.181126746553077,-0.16221169450128,-0.422879796377366,0.0114385675162077,0.362119736118981
"23",1,-0.382429748297734,0.0267573602862498,0.243317541751919,0.314701243815714,-0.97324878400024,0.582924453264701
"24",4,-1.67442214119548,-1.87713173700461,1.51059640504317,0.560561590546741,-1.0766811642074,-1.73552507676536
"25",2,1.00184781552128,0.95297367788721,-1.02396132153933,-0.422879796377366,1.11792933191736,1.02453388755614
